mA = [0 0 1 0 0 ...
      0 1 0 1 0 ...
      0 1 0 1 0 ...
      1 0 0 0 1 ...
      1 1 1 1 1 ...
      1 0 0 0 1 ...
      1 0 0 0 1]';
mB = [1 1 1 1 1 ...
      1 0 0 0 1 ...
      1 0 0 0 1 ...
      1 1 1 1 0 ...
      1 0 0 0 1 ...
      1 0 0 0 1 ...
      1 1 1 1 1]';
mC = [1 1 1 1 1 ...
      1 0 0 0 0 ...
      1 0 0 0 0 ...
      1 0 0 0 0 ...
      1 0 0 0 0 ...
      1 0 0 0 0 ...
      1 1 1 1 1]';
mD = [1 1 1 0 0 ...
      1 0 0 1 0 ...
      1 0 0 0 1 ...
      1 0 0 0 1 ...
      1 0 0 0 1 ...
      1 0 0 1 0 ...
      1 1 1 0 0]';
mE = [1 1 1 1 1 ...
      1 0 0 0 0 ...
      1 0 0 0 0 ...
      1 1 1 1 1 ...
      1 0 0 0 0 ...
      1 0 0 0 0 ...
      1 1 1 1 1]';
mF = [1 1 1 1 1 ...
      1 0 0 0 0 ...
      1 0 0 0 0 ...
      1 1 1 1 1 ...
      1 0 0 0 0 ...
      1 0 0 0 0 ...
      1 0 0 0 0]';
mG = [1 1 1 1 1 ...
      1 0 0 0 0 ...
      1 0 0 0 0 ...
      1 0 1 1 1 ...
      1 0 0 0 1 ...
      1 0 0 0 1 ...
      1 1 1 1 1]';
mH = [1 0 0 0 1 ...
      1 0 0 0 1 ...
      1 0 0 0 1 ...
      1 1 1 1 1 ...
      1 0 0 0 1 ...
      1 0 0 0 1 ...
      1 0 0 0 1]';
mI = [1 1 1 1 1 ...
      0 0 1 0 0 ...
      0 0 1 0 0 ...
      0 0 1 0 0 ...
      0 0 1 0 0 ...
      0 0 1 0 0 ...
      1 1 1 1 1]';
mJ = [1 1 1 1 1 ...
      0 0 1 0 0 ...
      0 0 1 0 0 ...
      0 0 1 0 0 ...
      0 0 1 0 0 ...
      1 0 1 0 0 ...
      0 1 0 0 0]';
mK = [1 0 0 0 1 ...
      1 0 0 1 0 ...
      1 0 1 0 0 ...
      1 1 0 0 0 ...
      1 0 1 0 0 ...
      1 0 0 1 0 ...
      1 0 0 0 1]';
mL = [1 0 0 0 0 ...
      1 0 0 0 0 ...
      1 0 0 0 0 ...
      1 0 0 0 0 ...
      1 0 0 0 0 ...
      1 0 0 0 0 ...
      1 1 1 1 1]';
mM = [1 1 1 1 1 ...
      1 0 1 0 1 ...
      1 0 1 0 1 ...
      1 0 1 0 1 ...
      1 0 1 0 1 ...
      1 0 1 0 1 ...
      1 0 1 0 1]';
mN = [1 0 0 0 1 ...
      1 1 0 0 1 ...
      1 1 0 0 1 ...
      1 0 1 0 1 ...
      1 0 0 1 1 ...
      1 0 0 1 1 ...
      1 0 0 0 1]';
mO = [1 1 1 1 1 ...
      1 0 0 0 1 ...
      1 0 0 0 1 ...
      1 0 0 0 1 ...
      1 0 0 0 1 ...
      1 0 0 0 1 ...
      1 1 1 1 1]';
mP = [1 1 1 1 1 ...
      1 0 0 0 1 ...
      1 0 0 0 1 ...
      1 1 1 1 1 ...
      1 0 0 0 0 ...
      1 0 0 0 0 ...
      1 0 0 0 0]';
mQ = [1 1 1 1 1 ...
      1 0 0 0 1 ...
      1 0 0 0 1 ...
      1 0 0 0 1 ...
      1 0 0 0 1 ...
      1 1 1 1 0 ...
      0 0 0 0 1]';
mR = [1 1 1 1 1 ...
      1 0 0 0 1 ...
      1 0 0 0 1 ...
      1 1 1 1 1 ...
      1 0 1 0 0 ...
      1 0 0 1 0 ...
      1 0 0 0 1]';
mS = [1 1 1 1 1 ...
      1 0 0 0 0 ...
      1 0 0 0 0 ...
      1 1 1 1 1 ...
      0 0 0 0 1 ...
      0 0 0 0 1 ...
      1 1 1 1 1]';
mT = [1 1 1 1 1 ...
      0 0 1 0 0 ...
      0 0 1 0 0 ...
      0 0 1 0 0 ...
      0 0 1 0 0 ...
      0 0 1 0 0 ...
      0 0 1 0 0]';
mU = [1 0 0 0 1 ...
      1 0 0 0 1 ...
      1 0 0 0 1 ...
      1 0 0 0 1 ...
      1 0 0 0 1 ...
      1 0 0 0 1 ...
      1 1 1 1 1]';
mV = [1 0 0 0 1 ...
      1 0 0 0 1 ...
      1 0 0 0 1 ...
      1 0 0 0 1 ...
      0 1 0 1 0 ...
      0 1 0 1 0 ...
      0 0 1 0 0]';
mW = [1 0 0 0 1 ...
      1 0 0 0 1 ...
      1 0 0 0 1 ...
      1 0 1 0 1 ...
      1 0 1 0 1 ...
      1 0 1 0 1 ...
      0 1 0 1 0]';
mX = [1 0 0 0 1 ...
      0 1 0 1 0 ...
      0 1 0 1 0 ...
      0 0 1 0 0 ...
      0 1 0 1 0 ...
      0 1 0 1 0 ...
      1 0 0 0 1]';
mY = [1 0 0 0 1 ...
      0 1 0 1 0 ...
      0 0 1 0 0 ...
      0 0 1 0 0 ...
      0 0 1 0 0 ...
      0 0 1 0 0 ...
      0 0 1 0 0]';
mZ = [1 1 1 1 1 ...
      0 0 0 0 1 ...
      0 0 0 1 0 ...
      0 0 1 0 0 ...
      0 1 0 0 0 ...
      1 0 0 0 0 ...
      1 1 1 1 1]';
alphabet = cat(2, mA, mB, mC, mD, mE, mF, mG, mH, mI, mJ, mK, mL, mM, mN, mO, mP, mQ, mR, mS, mT, mU, mV, mW, mX, mY, mZ);
targets = eye(26);